-1,0,3,4,7,23,25,35,50,57,68,72,76,77,79,80,84,85,87,88,92,94,97,102,111,122,125,128,131,134,137,140,142,144,146,148,150, --> ! --> 73,74,
-1,0,3,4,7,23,25,35,50,57,68,72,76,77,79,80,84,85,87,88,92,94,97,102,111,122,125,128,131,134,137,140,142,144,146,148,150, --> ( --> 71,75,83,91,93,123,124,126,127,129,130,132,133,135,136,138,139,141,143,145,147,149,151,
-1,0,3,4,7,23,25,35,50,57,68,72,76,77,79,80,84,85,87,88,92,94,97,102,111,122,125,128,131,134,137,140,142,144,146,148,150, --> ) --> 71,75,83,91,93,123,124,126,127,129,130,132,133,135,136,138,139,141,143,145,147,149,151,
-1,0,3,4,7,23,25,35,50,57,68,72,76,77,79,80,84,85,87,88,92,94,97,102,111,122,125,128,131,134,137,140,142,144,146,148,150, --> * --> 71,75,83,91,93,123,124,126,127,129,130,132,133,135,136,138,139,141,143,145,147,149,151,
-1,0,3,4,7,23,25,35,50,57,68,72,76,77,79,80,84,85,87,88,92,94,97,102,111,122,125,128,131,134,137,140,142,144,146,148,150, --> + --> 71,75,83,91,93,123,124,126,127,129,130,132,133,135,136,138,139,141,143,145,147,149,151,
-1,0,3,4,7,23,25,35,50,57,68,72,76,77,79,80,84,85,87,88,92,94,97,102,111,122,125,128,131,134,137,140,142,144,146,148,150, --> , --> 71,75,83,91,93,123,124,126,127,129,130,132,133,135,136,138,139,141,143,145,147,149,151,
-1,0,3,4,7,23,25,35,50,57,68,72,76,77,79,80,84,85,87,88,92,94,97,102,111,122,125,128,131,134,137,140,142,144,146,148,150, --> - --> 71,75,83,91,93,123,124,126,127,129,130,132,133,135,136,138,139,141,143,145,147,149,151,
-1,0,3,4,7,23,25,35,50,57,68,72,76,77,79,80,84,85,87,88,92,94,97,102,111,122,125,128,131,134,137,140,142,144,146,148,150, --> / --> 71,75,83,91,93,123,124,126,127,129,130,132,133,135,136,138,139,141,143,145,147,149,151,
-1,0,3,4,7,23,25,35,50,57,68,72,76,77,79,80,84,85,87,88,92,94,97,102,111,122,125,128,131,134,137,140,142,144,146,148,150, --> 0 --> 0,1,2,4,5,6,8,24,
-1,0,3,4,7,23,25,35,50,57,68,72,76,77,79,80,84,85,87,88,92,94,97,102,111,122,125,128,131,134,137,140,142,144,146,148,150, --> 1 --> 0,1,2,4,5,6,8,24,
-1,0,3,4,7,23,25,35,50,57,68,72,76,77,79,80,84,85,87,88,92,94,97,102,111,122,125,128,131,134,137,140,142,144,146,148,150, --> 2 --> 0,1,2,4,5,6,8,24,
-1,0,3,4,7,23,25,35,50,57,68,72,76,77,79,80,84,85,87,88,92,94,97,102,111,122,125,128,131,134,137,140,142,144,146,148,150, --> 3 --> 0,1,2,4,5,6,8,24,
-1,0,3,4,7,23,25,35,50,57,68,72,76,77,79,80,84,85,87,88,92,94,97,102,111,122,125,128,131,134,137,140,142,144,146,148,150, --> 4 --> 0,1,2,4,5,6,8,24,
-1,0,3,4,7,23,25,35,50,57,68,72,76,77,79,80,84,85,87,88,92,94,97,102,111,122,125,128,131,134,137,140,142,144,146,148,150, --> 5 --> 0,1,2,4,5,6,8,24,
-1,0,3,4,7,23,25,35,50,57,68,72,76,77,79,80,84,85,87,88,92,94,97,102,111,122,125,128,131,134,137,140,142,144,146,148,150, --> 6 --> 0,1,2,4,5,6,8,24,
-1,0,3,4,7,23,25,35,50,57,68,72,76,77,79,80,84,85,87,88,92,94,97,102,111,122,125,128,131,134,137,140,142,144,146,148,150, --> 7 --> 0,1,2,4,5,6,8,24,
-1,0,3,4,7,23,25,35,50,57,68,72,76,77,79,80,84,85,87,88,92,94,97,102,111,122,125,128,131,134,137,140,142,144,146,148,150, --> 8 --> 0,1,2,4,5,6,8,24,
-1,0,3,4,7,23,25,35,50,57,68,72,76,77,79,80,84,85,87,88,92,94,97,102,111,122,125,128,131,134,137,140,142,144,146,148,150, --> 9 --> 0,1,2,4,5,6,8,24,
-1,0,3,4,7,23,25,35,50,57,68,72,76,77,79,80,84,85,87,88,92,94,97,102,111,122,125,128,131,134,137,140,142,144,146,148,150, --> ; --> 71,75,83,91,93,123,124,126,127,129,130,132,133,135,136,138,139,141,143,145,147,149,151,
-1,0,3,4,7,23,25,35,50,57,68,72,76,77,79,80,84,85,87,88,92,94,97,102,111,122,125,128,131,134,137,140,142,144,146,148,150, --> < --> 69,70,78,81,82,86,89,90,93,95,96,
-1,0,3,4,7,23,25,35,50,57,68,72,76,77,79,80,84,85,87,88,92,94,97,102,111,122,125,128,131,134,137,140,142,144,146,148,150, --> = --> 69,70,78,81,82,86,89,90,93,95,96,
-1,0,3,4,7,23,25,35,50,57,68,72,76,77,79,80,84,85,87,88,92,94,97,102,111,122,125,128,131,134,137,140,142,144,146,148,150, --> > --> 69,70,78,81,82,86,89,90,93,95,96,
-1,0,3,4,7,23,25,35,50,57,68,72,76,77,79,80,84,85,87,88,92,94,97,102,111,122,125,128,131,134,137,140,142,144,146,148,150, --> A --> 26,27,28,29,30,31,32,33,34,36,37,38,39,40,41,42,43,44,45,46,47,48,49,51,52,53,54,55,56,58,59,60,61,62,63,64,65,66,67,98,99,100,101,103,104,105,106,107,108,109,110,112,113,114,115,116,117,118,119,120,121,
-1,0,3,4,7,23,25,35,50,57,68,72,76,77,79,80,84,85,87,88,92,94,97,102,111,122,125,128,131,134,137,140,142,144,146,148,150, --> B --> 26,27,28,29,30,31,32,33,34,36,37,38,39,40,41,42,43,44,45,46,47,48,49,51,52,53,54,55,56,58,59,60,61,62,63,64,65,66,67,98,99,100,101,103,104,105,106,107,108,109,110,112,113,114,115,116,117,118,119,120,121,
-1,0,3,4,7,23,25,35,50,57,68,72,76,77,79,80,84,85,87,88,92,94,97,102,111,122,125,128,131,134,137,140,142,144,146,148,150, --> C --> 26,27,28,29,30,31,32,33,34,36,37,38,39,40,41,42,43,44,45,46,47,48,49,51,52,53,54,55,56,58,59,60,61,62,63,64,65,66,67,98,99,100,101,103,104,105,106,107,108,109,110,112,113,114,115,116,117,118,119,120,121,
-1,0,3,4,7,23,25,35,50,57,68,72,76,77,79,80,84,85,87,88,92,94,97,102,111,122,125,128,131,134,137,140,142,144,146,148,150, --> D --> 26,27,28,29,30,31,32,33,34,36,37,38,39,40,41,42,43,44,45,46,47,48,49,51,52,53,54,55,56,58,59,60,61,62,63,64,65,66,67,98,99,100,101,103,104,105,106,107,108,109,110,112,113,114,115,116,117,118,119,120,121,
-1,0,3,4,7,23,25,35,50,57,68,72,76,77,79,80,84,85,87,88,92,94,97,102,111,122,125,128,131,134,137,140,142,144,146,148,150, --> E --> 26,27,28,29,30,31,32,33,34,36,37,38,39,40,41,42,43,44,45,46,47,48,49,51,52,53,54,55,56,58,59,60,61,62,63,64,65,66,67,98,99,100,101,103,104,105,106,107,108,109,110,112,113,114,115,116,117,118,119,120,121,
-1,0,3,4,7,23,25,35,50,57,68,72,76,77,79,80,84,85,87,88,92,94,97,102,111,122,125,128,131,134,137,140,142,144,146,148,150, --> F --> 26,27,28,29,30,31,32,33,34,36,37,38,39,40,41,42,43,44,45,46,47,48,49,51,52,53,54,55,56,58,59,60,61,62,63,64,65,66,67,98,99,100,101,103,104,105,106,107,108,109,110,112,113,114,115,116,117,118,119,120,121,
-1,0,3,4,7,23,25,35,50,57,68,72,76,77,79,80,84,85,87,88,92,94,97,102,111,122,125,128,131,134,137,140,142,144,146,148,150, --> G --> 26,27,28,29,30,31,32,33,34,36,37,38,39,40,41,42,43,44,45,46,47,48,49,51,52,53,54,55,56,58,59,60,61,62,63,64,65,66,67,98,99,100,101,103,104,105,106,107,108,109,110,112,113,114,115,116,117,118,119,120,121,
-1,0,3,4,7,23,25,35,50,57,68,72,76,77,79,80,84,85,87,88,92,94,97,102,111,122,125,128,131,134,137,140,142,144,146,148,150, --> H --> 26,27,28,29,30,31,32,33,34,36,37,38,39,40,41,42,43,44,45,46,47,48,49,51,52,53,54,55,56,58,59,60,61,62,63,64,65,66,67,98,99,100,101,103,104,105,106,107,108,109,110,112,113,114,115,116,117,118,119,120,121,
-1,0,3,4,7,23,25,35,50,57,68,72,76,77,79,80,84,85,87,88,92,94,97,102,111,122,125,128,131,134,137,140,142,144,146,148,150, --> I --> 26,27,28,29,30,31,32,33,34,36,37,38,39,40,41,42,43,44,45,46,47,48,49,51,52,53,54,55,56,58,59,60,61,62,63,64,65,66,67,98,99,100,101,103,104,105,106,107,108,109,110,112,113,114,115,116,117,118,119,120,121,
-1,0,3,4,7,23,25,35,50,57,68,72,76,77,79,80,84,85,87,88,92,94,97,102,111,122,125,128,131,134,137,140,142,144,146,148,150, --> J --> 26,27,28,29,30,31,32,33,34,36,37,38,39,40,41,42,43,44,45,46,47,48,49,51,52,53,54,55,56,58,59,60,61,62,63,64,65,66,67,98,99,100,101,103,104,105,106,107,108,109,110,112,113,114,115,116,117,118,119,120,121,
-1,0,3,4,7,23,25,35,50,57,68,72,76,77,79,80,84,85,87,88,92,94,97,102,111,122,125,128,131,134,137,140,142,144,146,148,150, --> K --> 26,27,28,29,30,31,32,33,34,36,37,38,39,40,41,42,43,44,45,46,47,48,49,51,52,53,54,55,56,58,59,60,61,62,63,64,65,66,67,98,99,100,101,103,104,105,106,107,108,109,110,112,113,114,115,116,117,118,119,120,121,
-1,0,3,4,7,23,25,35,50,57,68,72,76,77,79,80,84,85,87,88,92,94,97,102,111,122,125,128,131,134,137,140,142,144,146,148,150, --> L --> 26,27,28,29,30,31,32,33,34,36,37,38,39,40,41,42,43,44,45,46,47,48,49,51,52,53,54,55,56,58,59,60,61,62,63,64,65,66,67,98,99,100,101,103,104,105,106,107,108,109,110,112,113,114,115,116,117,118,119,120,121,
-1,0,3,4,7,23,25,35,50,57,68,72,76,77,79,80,84,85,87,88,92,94,97,102,111,122,125,128,131,134,137,140,142,144,146,148,150, --> M --> 26,27,28,29,30,31,32,33,34,36,37,38,39,40,41,42,43,44,45,46,47,48,49,51,52,53,54,55,56,58,59,60,61,62,63,64,65,66,67,98,99,100,101,103,104,105,106,107,108,109,110,112,113,114,115,116,117,118,119,120,121,
-1,0,3,4,7,23,25,35,50,57,68,72,76,77,79,80,84,85,87,88,92,94,97,102,111,122,125,128,131,134,137,140,142,144,146,148,150, --> N --> 26,27,28,29,30,31,32,33,34,36,37,38,39,40,41,42,43,44,45,46,47,48,49,51,52,53,54,55,56,58,59,60,61,62,63,64,65,66,67,98,99,100,101,103,104,105,106,107,108,109,110,112,113,114,115,116,117,118,119,120,121,
-1,0,3,4,7,23,25,35,50,57,68,72,76,77,79,80,84,85,87,88,92,94,97,102,111,122,125,128,131,134,137,140,142,144,146,148,150, --> O --> 26,27,28,29,30,31,32,33,34,36,37,38,39,40,41,42,43,44,45,46,47,48,49,51,52,53,54,55,56,58,59,60,61,62,63,64,65,66,67,98,99,100,101,103,104,105,106,107,108,109,110,112,113,114,115,116,117,118,119,120,121,
-1,0,3,4,7,23,25,35,50,57,68,72,76,77,79,80,84,85,87,88,92,94,97,102,111,122,125,128,131,134,137,140,142,144,146,148,150, --> P --> 26,27,28,29,30,31,32,33,34,36,37,38,39,40,41,42,43,44,45,46,47,48,49,51,52,53,54,55,56,58,59,60,61,62,63,64,65,66,67,98,99,100,101,103,104,105,106,107,108,109,110,112,113,114,115,116,117,118,119,120,121,
-1,0,3,4,7,23,25,35,50,57,68,72,76,77,79,80,84,85,87,88,92,94,97,102,111,122,125,128,131,134,137,140,142,144,146,148,150, --> Q --> 26,27,28,29,30,31,32,33,34,36,37,38,39,40,41,42,43,44,45,46,47,48,49,51,52,53,54,55,56,58,59,60,61,62,63,64,65,66,67,98,99,100,101,103,104,105,106,107,108,109,110,112,113,114,115,116,117,118,119,120,121,
-1,0,3,4,7,23,25,35,50,57,68,72,76,77,79,80,84,85,87,88,92,94,97,102,111,122,125,128,131,134,137,140,142,144,146,148,150, --> R --> 26,27,28,29,30,31,32,33,34,36,37,38,39,40,41,42,43,44,45,46,47,48,49,51,52,53,54,55,56,58,59,60,61,62,63,64,65,66,67,98,99,100,101,103,104,105,106,107,108,109,110,112,113,114,115,116,117,118,119,120,121,
-1,0,3,4,7,23,25,35,50,57,68,72,76,77,79,80,84,85,87,88,92,94,97,102,111,122,125,128,131,134,137,140,142,144,146,148,150, --> S --> 26,27,28,29,30,31,32,33,34,36,37,38,39,40,41,42,43,44,45,46,47,48,49,51,52,53,54,55,56,58,59,60,61,62,63,64,65,66,67,98,99,100,101,103,104,105,106,107,108,109,110,112,113,114,115,116,117,118,119,120,121,
-1,0,3,4,7,23,25,35,50,57,68,72,76,77,79,80,84,85,87,88,92,94,97,102,111,122,125,128,131,134,137,140,142,144,146,148,150, --> T --> 26,27,28,29,30,31,32,33,34,36,37,38,39,40,41,42,43,44,45,46,47,48,49,51,52,53,54,55,56,58,59,60,61,62,63,64,65,66,67,98,99,100,101,103,104,105,106,107,108,109,110,112,113,114,115,116,117,118,119,120,121,
-1,0,3,4,7,23,25,35,50,57,68,72,76,77,79,80,84,85,87,88,92,94,97,102,111,122,125,128,131,134,137,140,142,144,146,148,150, --> U --> 26,27,28,29,30,31,32,33,34,36,37,38,39,40,41,42,43,44,45,46,47,48,49,51,52,53,54,55,56,58,59,60,61,62,63,64,65,66,67,98,99,100,101,103,104,105,106,107,108,109,110,112,113,114,115,116,117,118,119,120,121,
-1,0,3,4,7,23,25,35,50,57,68,72,76,77,79,80,84,85,87,88,92,94,97,102,111,122,125,128,131,134,137,140,142,144,146,148,150, --> V --> 26,27,28,29,30,31,32,33,34,36,37,38,39,40,41,42,43,44,45,46,47,48,49,51,52,53,54,55,56,58,59,60,61,62,63,64,65,66,67,98,99,100,101,103,104,105,106,107,108,109,110,112,113,114,115,116,117,118,119,120,121,
-1,0,3,4,7,23,25,35,50,57,68,72,76,77,79,80,84,85,87,88,92,94,97,102,111,122,125,128,131,134,137,140,142,144,146,148,150, --> W --> 26,27,28,29,30,31,32,33,34,36,37,38,39,40,41,42,43,44,45,46,47,48,49,51,52,53,54,55,56,58,59,60,61,62,63,64,65,66,67,98,99,100,101,103,104,105,106,107,108,109,110,112,113,114,115,116,117,118,119,120,121,
-1,0,3,4,7,23,25,35,50,57,68,72,76,77,79,80,84,85,87,88,92,94,97,102,111,122,125,128,131,134,137,140,142,144,146,148,150, --> X --> 26,27,28,29,30,31,32,33,34,36,37,38,39,40,41,42,43,44,45,46,47,48,49,51,52,53,54,55,56,58,59,60,61,62,63,64,65,66,67,98,99,100,101,103,104,105,106,107,108,109,110,112,113,114,115,116,117,118,119,120,121,
-1,0,3,4,7,23,25,35,50,57,68,72,76,77,79,80,84,85,87,88,92,94,97,102,111,122,125,128,131,134,137,140,142,144,146,148,150, --> Y --> 26,27,28,29,30,31,32,33,34,36,37,38,39,40,41,42,43,44,45,46,47,48,49,51,52,53,54,55,56,58,59,60,61,62,63,64,65,66,67,98,99,100,101,103,104,105,106,107,108,109,110,112,113,114,115,116,117,118,119,120,121,
-1,0,3,4,7,23,25,35,50,57,68,72,76,77,79,80,84,85,87,88,92,94,97,102,111,122,125,128,131,134,137,140,142,144,146,148,150, --> Z --> 26,27,28,29,30,31,32,33,34,36,37,38,39,40,41,42,43,44,45,46,47,48,49,51,52,53,54,55,56,58,59,60,61,62,63,64,65,66,67,98,99,100,101,103,104,105,106,107,108,109,110,112,113,114,115,116,117,118,119,120,121,
-1,0,3,4,7,23,25,35,50,57,68,72,76,77,79,80,84,85,87,88,92,94,97,102,111,122,125,128,131,134,137,140,142,144,146,148,150, --> a --> 26,27,28,29,30,31,32,33,34,36,37,38,39,40,41,42,43,44,45,46,47,48,49,51,52,53,54,55,56,58,59,60,61,62,63,64,65,66,67,98,99,100,101,103,104,105,106,107,108,109,110,112,113,114,115,116,117,118,119,120,121,
-1,0,3,4,7,23,25,35,50,57,68,72,76,77,79,80,84,85,87,88,92,94,97,102,111,122,125,128,131,134,137,140,142,144,146,148,150, --> b --> 26,27,28,29,30,31,32,33,34,36,37,38,39,40,41,42,43,44,45,46,47,48,49,51,52,53,54,55,56,58,59,60,61,62,63,64,65,66,67,98,99,100,101,103,104,105,106,107,108,109,110,112,113,114,115,116,117,118,119,120,121,
-1,0,3,4,7,23,25,35,50,57,68,72,76,77,79,80,84,85,87,88,92,94,97,102,111,122,125,128,131,134,137,140,142,144,146,148,150, --> c --> 26,27,28,29,30,31,32,33,34,36,37,38,39,40,41,42,43,44,45,46,47,48,49,51,52,53,54,55,56,58,59,60,61,62,63,64,65,66,67,98,99,100,101,103,104,105,106,107,108,109,110,112,113,114,115,116,117,118,119,120,121,
-1,0,3,4,7,23,25,35,50,57,68,72,76,77,79,80,84,85,87,88,92,94,97,102,111,122,125,128,131,134,137,140,142,144,146,148,150, --> d --> 26,27,28,29,30,31,32,33,34,36,37,38,39,40,41,42,43,44,45,46,47,48,49,51,52,53,54,55,56,58,59,60,61,62,63,64,65,66,67,98,99,100,101,103,104,105,106,107,108,109,110,112,113,114,115,116,117,118,119,120,121,
-1,0,3,4,7,23,25,35,50,57,68,72,76,77,79,80,84,85,87,88,92,94,97,102,111,122,125,128,131,134,137,140,142,144,146,148,150, --> e --> 26,27,28,29,30,31,32,33,34,36,37,38,39,40,41,42,43,44,45,46,47,48,49,51,52,53,54,55,56,58,59,60,61,62,63,64,65,66,67,98,99,100,101,103,104,105,106,107,108,109,110,112,113,114,115,116,117,118,119,120,121,
-1,0,3,4,7,23,25,35,50,57,68,72,76,77,79,80,84,85,87,88,92,94,97,102,111,122,125,128,131,134,137,140,142,144,146,148,150, --> f --> 26,27,28,29,30,31,32,33,34,36,37,38,39,40,41,42,43,44,45,46,47,48,49,51,52,53,54,55,56,58,59,60,61,62,63,64,65,66,67,98,99,100,101,103,104,105,106,107,108,109,110,112,113,114,115,116,117,118,119,120,121,
-1,0,3,4,7,23,25,35,50,57,68,72,76,77,79,80,84,85,87,88,92,94,97,102,111,122,125,128,131,134,137,140,142,144,146,148,150, --> g --> 26,27,28,29,30,31,32,33,34,36,37,38,39,40,41,42,43,44,45,46,47,48,49,51,52,53,54,55,56,58,59,60,61,62,63,64,65,66,67,98,99,100,101,103,104,105,106,107,108,109,110,112,113,114,115,116,117,118,119,120,121,
-1,0,3,4,7,23,25,35,50,57,68,72,76,77,79,80,84,85,87,88,92,94,97,102,111,122,125,128,131,134,137,140,142,144,146,148,150, --> h --> 26,27,28,29,30,31,32,33,34,36,37,38,39,40,41,42,43,44,45,46,47,48,49,51,52,53,54,55,56,58,59,60,61,62,63,64,65,66,67,98,99,100,101,103,104,105,106,107,108,109,110,112,113,114,115,116,117,118,119,120,121,
-1,0,3,4,7,23,25,35,50,57,68,72,76,77,79,80,84,85,87,88,92,94,97,102,111,122,125,128,131,134,137,140,142,144,146,148,150, --> i --> 26,27,28,29,30,31,32,33,34,36,37,38,39,40,41,42,43,44,45,46,47,48,49,51,52,53,54,55,56,58,59,60,61,62,63,64,65,66,67,98,99,100,101,103,104,105,106,107,108,109,110,112,113,114,115,116,117,118,119,120,121,
-1,0,3,4,7,23,25,35,50,57,68,72,76,77,79,80,84,85,87,88,92,94,97,102,111,122,125,128,131,134,137,140,142,144,146,148,150, --> j --> 26,27,28,29,30,31,32,33,34,36,37,38,39,40,41,42,43,44,45,46,47,48,49,51,52,53,54,55,56,58,59,60,61,62,63,64,65,66,67,98,99,100,101,103,104,105,106,107,108,109,110,112,113,114,115,116,117,118,119,120,121,
-1,0,3,4,7,23,25,35,50,57,68,72,76,77,79,80,84,85,87,88,92,94,97,102,111,122,125,128,131,134,137,140,142,144,146,148,150, --> k --> 26,27,28,29,30,31,32,33,34,36,37,38,39,40,41,42,43,44,45,46,47,48,49,51,52,53,54,55,56,58,59,60,61,62,63,64,65,66,67,98,99,100,101,103,104,105,106,107,108,109,110,112,113,114,115,116,117,118,119,120,121,
-1,0,3,4,7,23,25,35,50,57,68,72,76,77,79,80,84,85,87,88,92,94,97,102,111,122,125,128,131,134,137,140,142,144,146,148,150, --> l --> 26,27,28,29,30,31,32,33,34,36,37,38,39,40,41,42,43,44,45,46,47,48,49,51,52,53,54,55,56,58,59,60,61,62,63,64,65,66,67,98,99,100,101,103,104,105,106,107,108,109,110,112,113,114,115,116,117,118,119,120,121,
-1,0,3,4,7,23,25,35,50,57,68,72,76,77,79,80,84,85,87,88,92,94,97,102,111,122,125,128,131,134,137,140,142,144,146,148,150, --> m --> 26,27,28,29,30,31,32,33,34,36,37,38,39,40,41,42,43,44,45,46,47,48,49,51,52,53,54,55,56,58,59,60,61,62,63,64,65,66,67,98,99,100,101,103,104,105,106,107,108,109,110,112,113,114,115,116,117,118,119,120,121,
-1,0,3,4,7,23,25,35,50,57,68,72,76,77,79,80,84,85,87,88,92,94,97,102,111,122,125,128,131,134,137,140,142,144,146,148,150, --> n --> 26,27,28,29,30,31,32,33,34,36,37,38,39,40,41,42,43,44,45,46,47,48,49,51,52,53,54,55,56,58,59,60,61,62,63,64,65,66,67,98,99,100,101,103,104,105,106,107,108,109,110,112,113,114,115,116,117,118,119,120,121,
-1,0,3,4,7,23,25,35,50,57,68,72,76,77,79,80,84,85,87,88,92,94,97,102,111,122,125,128,131,134,137,140,142,144,146,148,150, --> o --> 26,27,28,29,30,31,32,33,34,36,37,38,39,40,41,42,43,44,45,46,47,48,49,51,52,53,54,55,56,58,59,60,61,62,63,64,65,66,67,98,99,100,101,103,104,105,106,107,108,109,110,112,113,114,115,116,117,118,119,120,121,
-1,0,3,4,7,23,25,35,50,57,68,72,76,77,79,80,84,85,87,88,92,94,97,102,111,122,125,128,131,134,137,140,142,144,146,148,150, --> p --> 26,27,28,29,30,31,32,33,34,36,37,38,39,40,41,42,43,44,45,46,47,48,49,51,52,53,54,55,56,58,59,60,61,62,63,64,65,66,67,98,99,100,101,103,104,105,106,107,108,109,110,112,113,114,115,116,117,118,119,120,121,
-1,0,3,4,7,23,25,35,50,57,68,72,76,77,79,80,84,85,87,88,92,94,97,102,111,122,125,128,131,134,137,140,142,144,146,148,150, --> q --> 26,27,28,29,30,31,32,33,34,36,37,38,39,40,41,42,43,44,45,46,47,48,49,51,52,53,54,55,56,58,59,60,61,62,63,64,65,66,67,98,99,100,101,103,104,105,106,107,108,109,110,112,113,114,115,116,117,118,119,120,121,
-1,0,3,4,7,23,25,35,50,57,68,72,76,77,79,80,84,85,87,88,92,94,97,102,111,122,125,128,131,134,137,140,142,144,146,148,150, --> r --> 26,27,28,29,30,31,32,33,34,36,37,38,39,40,41,42,43,44,45,46,47,48,49,51,52,53,54,55,56,58,59,60,61,62,63,64,65,66,67,98,99,100,101,103,104,105,106,107,108,109,110,112,113,114,115,116,117,118,119,120,121,
-1,0,3,4,7,23,25,35,50,57,68,72,76,77,79,80,84,85,87,88,92,94,97,102,111,122,125,128,131,134,137,140,142,144,146,148,150, --> s --> 26,27,28,29,30,31,32,33,34,36,37,38,39,40,41,42,43,44,45,46,47,48,49,51,52,53,54,55,56,58,59,60,61,62,63,64,65,66,67,98,99,100,101,103,104,105,106,107,108,109,110,112,113,114,115,116,117,118,119,120,121,
-1,0,3,4,7,23,25,35,50,57,68,72,76,77,79,80,84,85,87,88,92,94,97,102,111,122,125,128,131,134,137,140,142,144,146,148,150, --> t --> 26,27,28,29,30,31,32,33,34,36,37,38,39,40,41,42,43,44,45,46,47,48,49,51,52,53,54,55,56,58,59,60,61,62,63,64,65,66,67,98,99,100,101,103,104,105,106,107,108,109,110,112,113,114,115,116,117,118,119,120,121,
-1,0,3,4,7,23,25,35,50,57,68,72,76,77,79,80,84,85,87,88,92,94,97,102,111,122,125,128,131,134,137,140,142,144,146,148,150, --> u --> 26,27,28,29,30,31,32,33,34,36,37,38,39,40,41,42,43,44,45,46,47,48,49,51,52,53,54,55,56,58,59,60,61,62,63,64,65,66,67,98,99,100,101,103,104,105,106,107,108,109,110,112,113,114,115,116,117,118,119,120,121,
-1,0,3,4,7,23,25,35,50,57,68,72,76,77,79,80,84,85,87,88,92,94,97,102,111,122,125,128,131,134,137,140,142,144,146,148,150, --> v --> 26,27,28,29,30,31,32,33,34,36,37,38,39,40,41,42,43,44,45,46,47,48,49,51,52,53,54,55,56,58,59,60,61,62,63,64,65,66,67,98,99,100,101,103,104,105,106,107,108,109,110,112,113,114,115,116,117,118,119,120,121,
-1,0,3,4,7,23,25,35,50,57,68,72,76,77,79,80,84,85,87,88,92,94,97,102,111,122,125,128,131,134,137,140,142,144,146,148,150, --> w --> 26,27,28,29,30,31,32,33,34,36,37,38,39,40,41,42,43,44,45,46,47,48,49,51,52,53,54,55,56,58,59,60,61,62,63,64,65,66,67,98,99,100,101,103,104,105,106,107,108,109,110,112,113,114,115,116,117,118,119,120,121,
-1,0,3,4,7,23,25,35,50,57,68,72,76,77,79,80,84,85,87,88,92,94,97,102,111,122,125,128,131,134,137,140,142,144,146,148,150, --> x --> 26,27,28,29,30,31,32,33,34,36,37,38,39,40,41,42,43,44,45,46,47,48,49,51,52,53,54,55,56,58,59,60,61,62,63,64,65,66,67,98,99,100,101,103,104,105,106,107,108,109,110,112,113,114,115,116,117,118,119,120,121,
-1,0,3,4,7,23,25,35,50,57,68,72,76,77,79,80,84,85,87,88,92,94,97,102,111,122,125,128,131,134,137,140,142,144,146,148,150, --> y --> 26,27,28,29,30,31,32,33,34,36,37,38,39,40,41,42,43,44,45,46,47,48,49,51,52,53,54,55,56,58,59,60,61,62,63,64,65,66,67,98,99,100,101,103,104,105,106,107,108,109,110,112,113,114,115,116,117,118,119,120,121,
-1,0,3,4,7,23,25,35,50,57,68,72,76,77,79,80,84,85,87,88,92,94,97,102,111,122,125,128,131,134,137,140,142,144,146,148,150, --> z --> 26,27,28,29,30,31,32,33,34,36,37,38,39,40,41,42,43,44,45,46,47,48,49,51,52,53,54,55,56,58,59,60,61,62,63,64,65,66,67,98,99,100,101,103,104,105,106,107,108,109,110,112,113,114,115,116,117,118,119,120,121,
-1,0,3,4,7,23,25,35,50,57,68,72,76,77,79,80,84,85,87,88,92,94,97,102,111,122,125,128,131,134,137,140,142,144,146,148,150, --> { --> 71,75,83,91,93,123,124,126,127,129,130,132,133,135,136,138,139,141,143,145,147,149,151,
-1,0,3,4,7,23,25,35,50,57,68,72,76,77,79,80,84,85,87,88,92,94,97,102,111,122,125,128,131,134,137,140,142,144,146,148,150, --> } --> 71,75,83,91,93,123,124,126,127,129,130,132,133,135,136,138,139,141,143,145,147,149,151,
0,1,2,4,5,6,8,24, --> . --> 9,10,13,
0,1,2,4,5,6,8,24, --> 0 --> 0,1,2,4,5,6,8,24,
0,1,2,4,5,6,8,24, --> 1 --> 0,1,2,4,5,6,8,24,
0,1,2,4,5,6,8,24, --> 2 --> 0,1,2,4,5,6,8,24,
0,1,2,4,5,6,8,24, --> 3 --> 0,1,2,4,5,6,8,24,
0,1,2,4,5,6,8,24, --> 4 --> 0,1,2,4,5,6,8,24,
0,1,2,4,5,6,8,24, --> 5 --> 0,1,2,4,5,6,8,24,
0,1,2,4,5,6,8,24, --> 6 --> 0,1,2,4,5,6,8,24,
0,1,2,4,5,6,8,24, --> 7 --> 0,1,2,4,5,6,8,24,
0,1,2,4,5,6,8,24, --> 8 --> 0,1,2,4,5,6,8,24,
0,1,2,4,5,6,8,24, --> 9 --> 0,1,2,4,5,6,8,24,
10,11,12,14,15,16,22,24, --> 0 --> 10,11,12,14,15,16,22,24,
10,11,12,14,15,16,22,24, --> 1 --> 10,11,12,14,15,16,22,24,
10,11,12,14,15,16,22,24, --> 2 --> 10,11,12,14,15,16,22,24,
10,11,12,14,15,16,22,24, --> 3 --> 10,11,12,14,15,16,22,24,
10,11,12,14,15,16,22,24, --> 4 --> 10,11,12,14,15,16,22,24,
10,11,12,14,15,16,22,24, --> 5 --> 10,11,12,14,15,16,22,24,
10,11,12,14,15,16,22,24, --> 6 --> 10,11,12,14,15,16,22,24,
10,11,12,14,15,16,22,24, --> 7 --> 10,11,12,14,15,16,22,24,
10,11,12,14,15,16,22,24, --> 8 --> 10,11,12,14,15,16,22,24,
10,11,12,14,15,16,22,24, --> 9 --> 10,11,12,14,15,16,22,24,
10,11,12,14,15,16,22,24, --> E --> 17,18,21,
17,18,21, --> 0 --> 18,19,20,24,
17,18,21, --> 1 --> 18,19,20,24,
17,18,21, --> 2 --> 18,19,20,24,
17,18,21, --> 3 --> 18,19,20,24,
17,18,21, --> 4 --> 18,19,20,24,
17,18,21, --> 5 --> 18,19,20,24,
17,18,21, --> 6 --> 18,19,20,24,
17,18,21, --> 7 --> 18,19,20,24,
17,18,21, --> 8 --> 18,19,20,24,
17,18,21, --> 9 --> 18,19,20,24,
18,19,20,24, --> 0 --> 18,19,20,24,
18,19,20,24, --> 1 --> 18,19,20,24,
18,19,20,24, --> 2 --> 18,19,20,24,
18,19,20,24, --> 3 --> 18,19,20,24,
18,19,20,24, --> 4 --> 18,19,20,24,
18,19,20,24, --> 5 --> 18,19,20,24,
18,19,20,24, --> 6 --> 18,19,20,24,
18,19,20,24, --> 7 --> 18,19,20,24,
18,19,20,24, --> 8 --> 18,19,20,24,
18,19,20,24, --> 9 --> 18,19,20,24,
26,27,28,29,30,31,32,33,34,36,37,38,39,40,41,42,43,44,45,46,47,48,49,51,52,53,54,55,56,58,59,60,61,62,63,64,65,66,67,98,99,100,101,103,104,105,106,107,108,109,110,112,113,114,115,116,117,118,119,120,121, --> 0 --> 26,27,28,29,30,31,32,33,34,36,37,38,39,40,41,42,43,44,45,46,47,48,49,51,52,53,54,55,56,58,59,60,61,62,63,64,65,66,67,98,99,100,101,103,104,105,106,107,108,109,110,112,113,114,115,116,117,118,119,120,121,
26,27,28,29,30,31,32,33,34,36,37,38,39,40,41,42,43,44,45,46,47,48,49,51,52,53,54,55,56,58,59,60,61,62,63,64,65,66,67,98,99,100,101,103,104,105,106,107,108,109,110,112,113,114,115,116,117,118,119,120,121, --> 1 --> 26,27,28,29,30,31,32,33,34,36,37,38,39,40,41,42,43,44,45,46,47,48,49,51,52,53,54,55,56,58,59,60,61,62,63,64,65,66,67,98,99,100,101,103,104,105,106,107,108,109,110,112,113,114,115,116,117,118,119,120,121,
26,27,28,29,30,31,32,33,34,36,37,38,39,40,41,42,43,44,45,46,47,48,49,51,52,53,54,55,56,58,59,60,61,62,63,64,65,66,67,98,99,100,101,103,104,105,106,107,108,109,110,112,113,114,115,116,117,118,119,120,121, --> 2 --> 26,27,28,29,30,31,32,33,34,36,37,38,39,40,41,42,43,44,45,46,47,48,49,51,52,53,54,55,56,58,59,60,61,62,63,64,65,66,67,98,99,100,101,103,104,105,106,107,108,109,110,112,113,114,115,116,117,118,119,120,121,
26,27,28,29,30,31,32,33,34,36,37,38,39,40,41,42,43,44,45,46,47,48,49,51,52,53,54,55,56,58,59,60,61,62,63,64,65,66,67,98,99,100,101,103,104,105,106,107,108,109,110,112,113,114,115,116,117,118,119,120,121, --> 3 --> 26,27,28,29,30,31,32,33,34,36,37,38,39,40,41,42,43,44,45,46,47,48,49,51,52,53,54,55,56,58,59,60,61,62,63,64,65,66,67,98,99,100,101,103,104,105,106,107,108,109,110,112,113,114,115,116,117,118,119,120,121,
26,27,28,29,30,31,32,33,34,36,37,38,39,40,41,42,43,44,45,46,47,48,49,51,52,53,54,55,56,58,59,60,61,62,63,64,65,66,67,98,99,100,101,103,104,105,106,107,108,109,110,112,113,114,115,116,117,118,119,120,121, --> 4 --> 26,27,28,29,30,31,32,33,34,36,37,38,39,40,41,42,43,44,45,46,47,48,49,51,52,53,54,55,56,58,59,60,61,62,63,64,65,66,67,98,99,100,101,103,104,105,106,107,108,109,110,112,113,114,115,116,117,118,119,120,121,
26,27,28,29,30,31,32,33,34,36,37,38,39,40,41,42,43,44,45,46,47,48,49,51,52,53,54,55,56,58,59,60,61,62,63,64,65,66,67,98,99,100,101,103,104,105,106,107,108,109,110,112,113,114,115,116,117,118,119,120,121, --> 5 --> 26,27,28,29,30,31,32,33,34,36,37,38,39,40,41,42,43,44,45,46,47,48,49,51,52,53,54,55,56,58,59,60,61,62,63,64,65,66,67,98,99,100,101,103,104,105,106,107,108,109,110,112,113,114,115,116,117,118,119,120,121,
26,27,28,29,30,31,32,33,34,36,37,38,39,40,41,42,43,44,45,46,47,48,49,51,52,53,54,55,56,58,59,60,61,62,63,64,65,66,67,98,99,100,101,103,104,105,106,107,108,109,110,112,113,114,115,116,117,118,119,120,121, --> 6 --> 26,27,28,29,30,31,32,33,34,36,37,38,39,40,41,42,43,44,45,46,47,48,49,51,52,53,54,55,56,58,59,60,61,62,63,64,65,66,67,98,99,100,101,103,104,105,106,107,108,109,110,112,113,114,115,116,117,118,119,120,121,
26,27,28,29,30,31,32,33,34,36,37,38,39,40,41,42,43,44,45,46,47,48,49,51,52,53,54,55,56,58,59,60,61,62,63,64,65,66,67,98,99,100,101,103,104,105,106,107,108,109,110,112,113,114,115,116,117,118,119,120,121, --> 7 --> 26,27,28,29,30,31,32,33,34,36,37,38,39,40,41,42,43,44,45,46,47,48,49,51,52,53,54,55,56,58,59,60,61,62,63,64,65,66,67,98,99,100,101,103,104,105,106,107,108,109,110,112,113,114,115,116,117,118,119,120,121,
26,27,28,29,30,31,32,33,34,36,37,38,39,40,41,42,43,44,45,46,47,48,49,51,52,53,54,55,56,58,59,60,61,62,63,64,65,66,67,98,99,100,101,103,104,105,106,107,108,109,110,112,113,114,115,116,117,118,119,120,121, --> 8 --> 26,27,28,29,30,31,32,33,34,36,37,38,39,40,41,42,43,44,45,46,47,48,49,51,52,53,54,55,56,58,59,60,61,62,63,64,65,66,67,98,99,100,101,103,104,105,106,107,108,109,110,112,113,114,115,116,117,118,119,120,121,
26,27,28,29,30,31,32,33,34,36,37,38,39,40,41,42,43,44,45,46,47,48,49,51,52,53,54,55,56,58,59,60,61,62,63,64,65,66,67,98,99,100,101,103,104,105,106,107,108,109,110,112,113,114,115,116,117,118,119,120,121, --> 9 --> 26,27,28,29,30,31,32,33,34,36,37,38,39,40,41,42,43,44,45,46,47,48,49,51,52,53,54,55,56,58,59,60,61,62,63,64,65,66,67,98,99,100,101,103,104,105,106,107,108,109,110,112,113,114,115,116,117,118,119,120,121,
26,27,28,29,30,31,32,33,34,36,37,38,39,40,41,42,43,44,45,46,47,48,49,51,52,53,54,55,56,58,59,60,61,62,63,64,65,66,67,98,99,100,101,103,104,105,106,107,108,109,110,112,113,114,115,116,117,118,119,120,121, --> A --> 26,27,28,29,30,31,32,33,34,36,37,38,39,40,41,42,43,44,45,46,47,48,49,51,52,53,54,55,56,58,59,60,61,62,63,64,65,66,67,98,99,100,101,103,104,105,106,107,108,109,110,112,113,114,115,116,117,118,119,120,121,
26,27,28,29,30,31,32,33,34,36,37,38,39,40,41,42,43,44,45,46,47,48,49,51,52,53,54,55,56,58,59,60,61,62,63,64,65,66,67,98,99,100,101,103,104,105,106,107,108,109,110,112,113,114,115,116,117,118,119,120,121, --> B --> 26,27,28,29,30,31,32,33,34,36,37,38,39,40,41,42,43,44,45,46,47,48,49,51,52,53,54,55,56,58,59,60,61,62,63,64,65,66,67,98,99,100,101,103,104,105,106,107,108,109,110,112,113,114,115,116,117,118,119,120,121,
26,27,28,29,30,31,32,33,34,36,37,38,39,40,41,42,43,44,45,46,47,48,49,51,52,53,54,55,56,58,59,60,61,62,63,64,65,66,67,98,99,100,101,103,104,105,106,107,108,109,110,112,113,114,115,116,117,118,119,120,121, --> C --> 26,27,28,29,30,31,32,33,34,36,37,38,39,40,41,42,43,44,45,46,47,48,49,51,52,53,54,55,56,58,59,60,61,62,63,64,65,66,67,98,99,100,101,103,104,105,106,107,108,109,110,112,113,114,115,116,117,118,119,120,121,
26,27,28,29,30,31,32,33,34,36,37,38,39,40,41,42,43,44,45,46,47,48,49,51,52,53,54,55,56,58,59,60,61,62,63,64,65,66,67,98,99,100,101,103,104,105,106,107,108,109,110,112,113,114,115,116,117,118,119,120,121, --> D --> 26,27,28,29,30,31,32,33,34,36,37,38,39,40,41,42,43,44,45,46,47,48,49,51,52,53,54,55,56,58,59,60,61,62,63,64,65,66,67,98,99,100,101,103,104,105,106,107,108,109,110,112,113,114,115,116,117,118,119,120,121,
26,27,28,29,30,31,32,33,34,36,37,38,39,40,41,42,43,44,45,46,47,48,49,51,52,53,54,55,56,58,59,60,61,62,63,64,65,66,67,98,99,100,101,103,104,105,106,107,108,109,110,112,113,114,115,116,117,118,119,120,121, --> E --> 26,27,28,29,30,31,32,33,34,36,37,38,39,40,41,42,43,44,45,46,47,48,49,51,52,53,54,55,56,58,59,60,61,62,63,64,65,66,67,98,99,100,101,103,104,105,106,107,108,109,110,112,113,114,115,116,117,118,119,120,121,
26,27,28,29,30,31,32,33,34,36,37,38,39,40,41,42,43,44,45,46,47,48,49,51,52,53,54,55,56,58,59,60,61,62,63,64,65,66,67,98,99,100,101,103,104,105,106,107,108,109,110,112,113,114,115,116,117,118,119,120,121, --> F --> 26,27,28,29,30,31,32,33,34,36,37,38,39,40,41,42,43,44,45,46,47,48,49,51,52,53,54,55,56,58,59,60,61,62,63,64,65,66,67,98,99,100,101,103,104,105,106,107,108,109,110,112,113,114,115,116,117,118,119,120,121,
26,27,28,29,30,31,32,33,34,36,37,38,39,40,41,42,43,44,45,46,47,48,49,51,52,53,54,55,56,58,59,60,61,62,63,64,65,66,67,98,99,100,101,103,104,105,106,107,108,109,110,112,113,114,115,116,117,118,119,120,121, --> G --> 26,27,28,29,30,31,32,33,34,36,37,38,39,40,41,42,43,44,45,46,47,48,49,51,52,53,54,55,56,58,59,60,61,62,63,64,65,66,67,98,99,100,101,103,104,105,106,107,108,109,110,112,113,114,115,116,117,118,119,120,121,
26,27,28,29,30,31,32,33,34,36,37,38,39,40,41,42,43,44,45,46,47,48,49,51,52,53,54,55,56,58,59,60,61,62,63,64,65,66,67,98,99,100,101,103,104,105,106,107,108,109,110,112,113,114,115,116,117,118,119,120,121, --> H --> 26,27,28,29,30,31,32,33,34,36,37,38,39,40,41,42,43,44,45,46,47,48,49,51,52,53,54,55,56,58,59,60,61,62,63,64,65,66,67,98,99,100,101,103,104,105,106,107,108,109,110,112,113,114,115,116,117,118,119,120,121,
26,27,28,29,30,31,32,33,34,36,37,38,39,40,41,42,43,44,45,46,47,48,49,51,52,53,54,55,56,58,59,60,61,62,63,64,65,66,67,98,99,100,101,103,104,105,106,107,108,109,110,112,113,114,115,116,117,118,119,120,121, --> I --> 26,27,28,29,30,31,32,33,34,36,37,38,39,40,41,42,43,44,45,46,47,48,49,51,52,53,54,55,56,58,59,60,61,62,63,64,65,66,67,98,99,100,101,103,104,105,106,107,108,109,110,112,113,114,115,116,117,118,119,120,121,
26,27,28,29,30,31,32,33,34,36,37,38,39,40,41,42,43,44,45,46,47,48,49,51,52,53,54,55,56,58,59,60,61,62,63,64,65,66,67,98,99,100,101,103,104,105,106,107,108,109,110,112,113,114,115,116,117,118,119,120,121, --> J --> 26,27,28,29,30,31,32,33,34,36,37,38,39,40,41,42,43,44,45,46,47,48,49,51,52,53,54,55,56,58,59,60,61,62,63,64,65,66,67,98,99,100,101,103,104,105,106,107,108,109,110,112,113,114,115,116,117,118,119,120,121,
26,27,28,29,30,31,32,33,34,36,37,38,39,40,41,42,43,44,45,46,47,48,49,51,52,53,54,55,56,58,59,60,61,62,63,64,65,66,67,98,99,100,101,103,104,105,106,107,108,109,110,112,113,114,115,116,117,118,119,120,121, --> K --> 26,27,28,29,30,31,32,33,34,36,37,38,39,40,41,42,43,44,45,46,47,48,49,51,52,53,54,55,56,58,59,60,61,62,63,64,65,66,67,98,99,100,101,103,104,105,106,107,108,109,110,112,113,114,115,116,117,118,119,120,121,
26,27,28,29,30,31,32,33,34,36,37,38,39,40,41,42,43,44,45,46,47,48,49,51,52,53,54,55,56,58,59,60,61,62,63,64,65,66,67,98,99,100,101,103,104,105,106,107,108,109,110,112,113,114,115,116,117,118,119,120,121, --> L --> 26,27,28,29,30,31,32,33,34,36,37,38,39,40,41,42,43,44,45,46,47,48,49,51,52,53,54,55,56,58,59,60,61,62,63,64,65,66,67,98,99,100,101,103,104,105,106,107,108,109,110,112,113,114,115,116,117,118,119,120,121,
26,27,28,29,30,31,32,33,34,36,37,38,39,40,41,42,43,44,45,46,47,48,49,51,52,53,54,55,56,58,59,60,61,62,63,64,65,66,67,98,99,100,101,103,104,105,106,107,108,109,110,112,113,114,115,116,117,118,119,120,121, --> M --> 26,27,28,29,30,31,32,33,34,36,37,38,39,40,41,42,43,44,45,46,47,48,49,51,52,53,54,55,56,58,59,60,61,62,63,64,65,66,67,98,99,100,101,103,104,105,106,107,108,109,110,112,113,114,115,116,117,118,119,120,121,
26,27,28,29,30,31,32,33,34,36,37,38,39,40,41,42,43,44,45,46,47,48,49,51,52,53,54,55,56,58,59,60,61,62,63,64,65,66,67,98,99,100,101,103,104,105,106,107,108,109,110,112,113,114,115,116,117,118,119,120,121, --> N --> 26,27,28,29,30,31,32,33,34,36,37,38,39,40,41,42,43,44,45,46,47,48,49,51,52,53,54,55,56,58,59,60,61,62,63,64,65,66,67,98,99,100,101,103,104,105,106,107,108,109,110,112,113,114,115,116,117,118,119,120,121,
26,27,28,29,30,31,32,33,34,36,37,38,39,40,41,42,43,44,45,46,47,48,49,51,52,53,54,55,56,58,59,60,61,62,63,64,65,66,67,98,99,100,101,103,104,105,106,107,108,109,110,112,113,114,115,116,117,118,119,120,121, --> O --> 26,27,28,29,30,31,32,33,34,36,37,38,39,40,41,42,43,44,45,46,47,48,49,51,52,53,54,55,56,58,59,60,61,62,63,64,65,66,67,98,99,100,101,103,104,105,106,107,108,109,110,112,113,114,115,116,117,118,119,120,121,
26,27,28,29,30,31,32,33,34,36,37,38,39,40,41,42,43,44,45,46,47,48,49,51,52,53,54,55,56,58,59,60,61,62,63,64,65,66,67,98,99,100,101,103,104,105,106,107,108,109,110,112,113,114,115,116,117,118,119,120,121, --> P --> 26,27,28,29,30,31,32,33,34,36,37,38,39,40,41,42,43,44,45,46,47,48,49,51,52,53,54,55,56,58,59,60,61,62,63,64,65,66,67,98,99,100,101,103,104,105,106,107,108,109,110,112,113,114,115,116,117,118,119,120,121,
26,27,28,29,30,31,32,33,34,36,37,38,39,40,41,42,43,44,45,46,47,48,49,51,52,53,54,55,56,58,59,60,61,62,63,64,65,66,67,98,99,100,101,103,104,105,106,107,108,109,110,112,113,114,115,116,117,118,119,120,121, --> Q --> 26,27,28,29,30,31,32,33,34,36,37,38,39,40,41,42,43,44,45,46,47,48,49,51,52,53,54,55,56,58,59,60,61,62,63,64,65,66,67,98,99,100,101,103,104,105,106,107,108,109,110,112,113,114,115,116,117,118,119,120,121,
26,27,28,29,30,31,32,33,34,36,37,38,39,40,41,42,43,44,45,46,47,48,49,51,52,53,54,55,56,58,59,60,61,62,63,64,65,66,67,98,99,100,101,103,104,105,106,107,108,109,110,112,113,114,115,116,117,118,119,120,121, --> R --> 26,27,28,29,30,31,32,33,34,36,37,38,39,40,41,42,43,44,45,46,47,48,49,51,52,53,54,55,56,58,59,60,61,62,63,64,65,66,67,98,99,100,101,103,104,105,106,107,108,109,110,112,113,114,115,116,117,118,119,120,121,
26,27,28,29,30,31,32,33,34,36,37,38,39,40,41,42,43,44,45,46,47,48,49,51,52,53,54,55,56,58,59,60,61,62,63,64,65,66,67,98,99,100,101,103,104,105,106,107,108,109,110,112,113,114,115,116,117,118,119,120,121, --> S --> 26,27,28,29,30,31,32,33,34,36,37,38,39,40,41,42,43,44,45,46,47,48,49,51,52,53,54,55,56,58,59,60,61,62,63,64,65,66,67,98,99,100,101,103,104,105,106,107,108,109,110,112,113,114,115,116,117,118,119,120,121,
26,27,28,29,30,31,32,33,34,36,37,38,39,40,41,42,43,44,45,46,47,48,49,51,52,53,54,55,56,58,59,60,61,62,63,64,65,66,67,98,99,100,101,103,104,105,106,107,108,109,110,112,113,114,115,116,117,118,119,120,121, --> T --> 26,27,28,29,30,31,32,33,34,36,37,38,39,40,41,42,43,44,45,46,47,48,49,51,52,53,54,55,56,58,59,60,61,62,63,64,65,66,67,98,99,100,101,103,104,105,106,107,108,109,110,112,113,114,115,116,117,118,119,120,121,
26,27,28,29,30,31,32,33,34,36,37,38,39,40,41,42,43,44,45,46,47,48,49,51,52,53,54,55,56,58,59,60,61,62,63,64,65,66,67,98,99,100,101,103,104,105,106,107,108,109,110,112,113,114,115,116,117,118,119,120,121, --> U --> 26,27,28,29,30,31,32,33,34,36,37,38,39,40,41,42,43,44,45,46,47,48,49,51,52,53,54,55,56,58,59,60,61,62,63,64,65,66,67,98,99,100,101,103,104,105,106,107,108,109,110,112,113,114,115,116,117,118,119,120,121,
26,27,28,29,30,31,32,33,34,36,37,38,39,40,41,42,43,44,45,46,47,48,49,51,52,53,54,55,56,58,59,60,61,62,63,64,65,66,67,98,99,100,101,103,104,105,106,107,108,109,110,112,113,114,115,116,117,118,119,120,121, --> V --> 26,27,28,29,30,31,32,33,34,36,37,38,39,40,41,42,43,44,45,46,47,48,49,51,52,53,54,55,56,58,59,60,61,62,63,64,65,66,67,98,99,100,101,103,104,105,106,107,108,109,110,112,113,114,115,116,117,118,119,120,121,
26,27,28,29,30,31,32,33,34,36,37,38,39,40,41,42,43,44,45,46,47,48,49,51,52,53,54,55,56,58,59,60,61,62,63,64,65,66,67,98,99,100,101,103,104,105,106,107,108,109,110,112,113,114,115,116,117,118,119,120,121, --> W --> 26,27,28,29,30,31,32,33,34,36,37,38,39,40,41,42,43,44,45,46,47,48,49,51,52,53,54,55,56,58,59,60,61,62,63,64,65,66,67,98,99,100,101,103,104,105,106,107,108,109,110,112,113,114,115,116,117,118,119,120,121,
26,27,28,29,30,31,32,33,34,36,37,38,39,40,41,42,43,44,45,46,47,48,49,51,52,53,54,55,56,58,59,60,61,62,63,64,65,66,67,98,99,100,101,103,104,105,106,107,108,109,110,112,113,114,115,116,117,118,119,120,121, --> X --> 26,27,28,29,30,31,32,33,34,36,37,38,39,40,41,42,43,44,45,46,47,48,49,51,52,53,54,55,56,58,59,60,61,62,63,64,65,66,67,98,99,100,101,103,104,105,106,107,108,109,110,112,113,114,115,116,117,118,119,120,121,
26,27,28,29,30,31,32,33,34,36,37,38,39,40,41,42,43,44,45,46,47,48,49,51,52,53,54,55,56,58,59,60,61,62,63,64,65,66,67,98,99,100,101,103,104,105,106,107,108,109,110,112,113,114,115,116,117,118,119,120,121, --> Y --> 26,27,28,29,30,31,32,33,34,36,37,38,39,40,41,42,43,44,45,46,47,48,49,51,52,53,54,55,56,58,59,60,61,62,63,64,65,66,67,98,99,100,101,103,104,105,106,107,108,109,110,112,113,114,115,116,117,118,119,120,121,
26,27,28,29,30,31,32,33,34,36,37,38,39,40,41,42,43,44,45,46,47,48,49,51,52,53,54,55,56,58,59,60,61,62,63,64,65,66,67,98,99,100,101,103,104,105,106,107,108,109,110,112,113,114,115,116,117,118,119,120,121, --> Z --> 26,27,28,29,30,31,32,33,34,36,37,38,39,40,41,42,43,44,45,46,47,48,49,51,52,53,54,55,56,58,59,60,61,62,63,64,65,66,67,98,99,100,101,103,104,105,106,107,108,109,110,112,113,114,115,116,117,118,119,120,121,
26,27,28,29,30,31,32,33,34,36,37,38,39,40,41,42,43,44,45,46,47,48,49,51,52,53,54,55,56,58,59,60,61,62,63,64,65,66,67,98,99,100,101,103,104,105,106,107,108,109,110,112,113,114,115,116,117,118,119,120,121, --> a --> 26,27,28,29,30,31,32,33,34,36,37,38,39,40,41,42,43,44,45,46,47,48,49,51,52,53,54,55,56,58,59,60,61,62,63,64,65,66,67,98,99,100,101,103,104,105,106,107,108,109,110,112,113,114,115,116,117,118,119,120,121,
26,27,28,29,30,31,32,33,34,36,37,38,39,40,41,42,43,44,45,46,47,48,49,51,52,53,54,55,56,58,59,60,61,62,63,64,65,66,67,98,99,100,101,103,104,105,106,107,108,109,110,112,113,114,115,116,117,118,119,120,121, --> b --> 26,27,28,29,30,31,32,33,34,36,37,38,39,40,41,42,43,44,45,46,47,48,49,51,52,53,54,55,56,58,59,60,61,62,63,64,65,66,67,98,99,100,101,103,104,105,106,107,108,109,110,112,113,114,115,116,117,118,119,120,121,
26,27,28,29,30,31,32,33,34,36,37,38,39,40,41,42,43,44,45,46,47,48,49,51,52,53,54,55,56,58,59,60,61,62,63,64,65,66,67,98,99,100,101,103,104,105,106,107,108,109,110,112,113,114,115,116,117,118,119,120,121, --> c --> 26,27,28,29,30,31,32,33,34,36,37,38,39,40,41,42,43,44,45,46,47,48,49,51,52,53,54,55,56,58,59,60,61,62,63,64,65,66,67,98,99,100,101,103,104,105,106,107,108,109,110,112,113,114,115,116,117,118,119,120,121,
26,27,28,29,30,31,32,33,34,36,37,38,39,40,41,42,43,44,45,46,47,48,49,51,52,53,54,55,56,58,59,60,61,62,63,64,65,66,67,98,99,100,101,103,104,105,106,107,108,109,110,112,113,114,115,116,117,118,119,120,121, --> d --> 26,27,28,29,30,31,32,33,34,36,37,38,39,40,41,42,43,44,45,46,47,48,49,51,52,53,54,55,56,58,59,60,61,62,63,64,65,66,67,98,99,100,101,103,104,105,106,107,108,109,110,112,113,114,115,116,117,118,119,120,121,
26,27,28,29,30,31,32,33,34,36,37,38,39,40,41,42,43,44,45,46,47,48,49,51,52,53,54,55,56,58,59,60,61,62,63,64,65,66,67,98,99,100,101,103,104,105,106,107,108,109,110,112,113,114,115,116,117,118,119,120,121, --> e --> 26,27,28,29,30,31,32,33,34,36,37,38,39,40,41,42,43,44,45,46,47,48,49,51,52,53,54,55,56,58,59,60,61,62,63,64,65,66,67,98,99,100,101,103,104,105,106,107,108,109,110,112,113,114,115,116,117,118,119,120,121,
26,27,28,29,30,31,32,33,34,36,37,38,39,40,41,42,43,44,45,46,47,48,49,51,52,53,54,55,56,58,59,60,61,62,63,64,65,66,67,98,99,100,101,103,104,105,106,107,108,109,110,112,113,114,115,116,117,118,119,120,121, --> f --> 26,27,28,29,30,31,32,33,34,36,37,38,39,40,41,42,43,44,45,46,47,48,49,51,52,53,54,55,56,58,59,60,61,62,63,64,65,66,67,98,99,100,101,103,104,105,106,107,108,109,110,112,113,114,115,116,117,118,119,120,121,
26,27,28,29,30,31,32,33,34,36,37,38,39,40,41,42,43,44,45,46,47,48,49,51,52,53,54,55,56,58,59,60,61,62,63,64,65,66,67,98,99,100,101,103,104,105,106,107,108,109,110,112,113,114,115,116,117,118,119,120,121, --> g --> 26,27,28,29,30,31,32,33,34,36,37,38,39,40,41,42,43,44,45,46,47,48,49,51,52,53,54,55,56,58,59,60,61,62,63,64,65,66,67,98,99,100,101,103,104,105,106,107,108,109,110,112,113,114,115,116,117,118,119,120,121,
26,27,28,29,30,31,32,33,34,36,37,38,39,40,41,42,43,44,45,46,47,48,49,51,52,53,54,55,56,58,59,60,61,62,63,64,65,66,67,98,99,100,101,103,104,105,106,107,108,109,110,112,113,114,115,116,117,118,119,120,121, --> h --> 26,27,28,29,30,31,32,33,34,36,37,38,39,40,41,42,43,44,45,46,47,48,49,51,52,53,54,55,56,58,59,60,61,62,63,64,65,66,67,98,99,100,101,103,104,105,106,107,108,109,110,112,113,114,115,116,117,118,119,120,121,
26,27,28,29,30,31,32,33,34,36,37,38,39,40,41,42,43,44,45,46,47,48,49,51,52,53,54,55,56,58,59,60,61,62,63,64,65,66,67,98,99,100,101,103,104,105,106,107,108,109,110,112,113,114,115,116,117,118,119,120,121, --> i --> 26,27,28,29,30,31,32,33,34,36,37,38,39,40,41,42,43,44,45,46,47,48,49,51,52,53,54,55,56,58,59,60,61,62,63,64,65,66,67,98,99,100,101,103,104,105,106,107,108,109,110,112,113,114,115,116,117,118,119,120,121,
26,27,28,29,30,31,32,33,34,36,37,38,39,40,41,42,43,44,45,46,47,48,49,51,52,53,54,55,56,58,59,60,61,62,63,64,65,66,67,98,99,100,101,103,104,105,106,107,108,109,110,112,113,114,115,116,117,118,119,120,121, --> j --> 26,27,28,29,30,31,32,33,34,36,37,38,39,40,41,42,43,44,45,46,47,48,49,51,52,53,54,55,56,58,59,60,61,62,63,64,65,66,67,98,99,100,101,103,104,105,106,107,108,109,110,112,113,114,115,116,117,118,119,120,121,
26,27,28,29,30,31,32,33,34,36,37,38,39,40,41,42,43,44,45,46,47,48,49,51,52,53,54,55,56,58,59,60,61,62,63,64,65,66,67,98,99,100,101,103,104,105,106,107,108,109,110,112,113,114,115,116,117,118,119,120,121, --> k --> 26,27,28,29,30,31,32,33,34,36,37,38,39,40,41,42,43,44,45,46,47,48,49,51,52,53,54,55,56,58,59,60,61,62,63,64,65,66,67,98,99,100,101,103,104,105,106,107,108,109,110,112,113,114,115,116,117,118,119,120,121,
26,27,28,29,30,31,32,33,34,36,37,38,39,40,41,42,43,44,45,46,47,48,49,51,52,53,54,55,56,58,59,60,61,62,63,64,65,66,67,98,99,100,101,103,104,105,106,107,108,109,110,112,113,114,115,116,117,118,119,120,121, --> l --> 26,27,28,29,30,31,32,33,34,36,37,38,39,40,41,42,43,44,45,46,47,48,49,51,52,53,54,55,56,58,59,60,61,62,63,64,65,66,67,98,99,100,101,103,104,105,106,107,108,109,110,112,113,114,115,116,117,118,119,120,121,
26,27,28,29,30,31,32,33,34,36,37,38,39,40,41,42,43,44,45,46,47,48,49,51,52,53,54,55,56,58,59,60,61,62,63,64,65,66,67,98,99,100,101,103,104,105,106,107,108,109,110,112,113,114,115,116,117,118,119,120,121, --> m --> 26,27,28,29,30,31,32,33,34,36,37,38,39,40,41,42,43,44,45,46,47,48,49,51,52,53,54,55,56,58,59,60,61,62,63,64,65,66,67,98,99,100,101,103,104,105,106,107,108,109,110,112,113,114,115,116,117,118,119,120,121,
26,27,28,29,30,31,32,33,34,36,37,38,39,40,41,42,43,44,45,46,47,48,49,51,52,53,54,55,56,58,59,60,61,62,63,64,65,66,67,98,99,100,101,103,104,105,106,107,108,109,110,112,113,114,115,116,117,118,119,120,121, --> n --> 26,27,28,29,30,31,32,33,34,36,37,38,39,40,41,42,43,44,45,46,47,48,49,51,52,53,54,55,56,58,59,60,61,62,63,64,65,66,67,98,99,100,101,103,104,105,106,107,108,109,110,112,113,114,115,116,117,118,119,120,121,
26,27,28,29,30,31,32,33,34,36,37,38,39,40,41,42,43,44,45,46,47,48,49,51,52,53,54,55,56,58,59,60,61,62,63,64,65,66,67,98,99,100,101,103,104,105,106,107,108,109,110,112,113,114,115,116,117,118,119,120,121, --> o --> 26,27,28,29,30,31,32,33,34,36,37,38,39,40,41,42,43,44,45,46,47,48,49,51,52,53,54,55,56,58,59,60,61,62,63,64,65,66,67,98,99,100,101,103,104,105,106,107,108,109,110,112,113,114,115,116,117,118,119,120,121,
26,27,28,29,30,31,32,33,34,36,37,38,39,40,41,42,43,44,45,46,47,48,49,51,52,53,54,55,56,58,59,60,61,62,63,64,65,66,67,98,99,100,101,103,104,105,106,107,108,109,110,112,113,114,115,116,117,118,119,120,121, --> p --> 26,27,28,29,30,31,32,33,34,36,37,38,39,40,41,42,43,44,45,46,47,48,49,51,52,53,54,55,56,58,59,60,61,62,63,64,65,66,67,98,99,100,101,103,104,105,106,107,108,109,110,112,113,114,115,116,117,118,119,120,121,
26,27,28,29,30,31,32,33,34,36,37,38,39,40,41,42,43,44,45,46,47,48,49,51,52,53,54,55,56,58,59,60,61,62,63,64,65,66,67,98,99,100,101,103,104,105,106,107,108,109,110,112,113,114,115,116,117,118,119,120,121, --> q --> 26,27,28,29,30,31,32,33,34,36,37,38,39,40,41,42,43,44,45,46,47,48,49,51,52,53,54,55,56,58,59,60,61,62,63,64,65,66,67,98,99,100,101,103,104,105,106,107,108,109,110,112,113,114,115,116,117,118,119,120,121,
26,27,28,29,30,31,32,33,34,36,37,38,39,40,41,42,43,44,45,46,47,48,49,51,52,53,54,55,56,58,59,60,61,62,63,64,65,66,67,98,99,100,101,103,104,105,106,107,108,109,110,112,113,114,115,116,117,118,119,120,121, --> r --> 26,27,28,29,30,31,32,33,34,36,37,38,39,40,41,42,43,44,45,46,47,48,49,51,52,53,54,55,56,58,59,60,61,62,63,64,65,66,67,98,99,100,101,103,104,105,106,107,108,109,110,112,113,114,115,116,117,118,119,120,121,
26,27,28,29,30,31,32,33,34,36,37,38,39,40,41,42,43,44,45,46,47,48,49,51,52,53,54,55,56,58,59,60,61,62,63,64,65,66,67,98,99,100,101,103,104,105,106,107,108,109,110,112,113,114,115,116,117,118,119,120,121, --> s --> 26,27,28,29,30,31,32,33,34,36,37,38,39,40,41,42,43,44,45,46,47,48,49,51,52,53,54,55,56,58,59,60,61,62,63,64,65,66,67,98,99,100,101,103,104,105,106,107,108,109,110,112,113,114,115,116,117,118,119,120,121,
26,27,28,29,30,31,32,33,34,36,37,38,39,40,41,42,43,44,45,46,47,48,49,51,52,53,54,55,56,58,59,60,61,62,63,64,65,66,67,98,99,100,101,103,104,105,106,107,108,109,110,112,113,114,115,116,117,118,119,120,121, --> t --> 26,27,28,29,30,31,32,33,34,36,37,38,39,40,41,42,43,44,45,46,47,48,49,51,52,53,54,55,56,58,59,60,61,62,63,64,65,66,67,98,99,100,101,103,104,105,106,107,108,109,110,112,113,114,115,116,117,118,119,120,121,
26,27,28,29,30,31,32,33,34,36,37,38,39,40,41,42,43,44,45,46,47,48,49,51,52,53,54,55,56,58,59,60,61,62,63,64,65,66,67,98,99,100,101,103,104,105,106,107,108,109,110,112,113,114,115,116,117,118,119,120,121, --> u --> 26,27,28,29,30,31,32,33,34,36,37,38,39,40,41,42,43,44,45,46,47,48,49,51,52,53,54,55,56,58,59,60,61,62,63,64,65,66,67,98,99,100,101,103,104,105,106,107,108,109,110,112,113,114,115,116,117,118,119,120,121,
26,27,28,29,30,31,32,33,34,36,37,38,39,40,41,42,43,44,45,46,47,48,49,51,52,53,54,55,56,58,59,60,61,62,63,64,65,66,67,98,99,100,101,103,104,105,106,107,108,109,110,112,113,114,115,116,117,118,119,120,121, --> v --> 26,27,28,29,30,31,32,33,34,36,37,38,39,40,41,42,43,44,45,46,47,48,49,51,52,53,54,55,56,58,59,60,61,62,63,64,65,66,67,98,99,100,101,103,104,105,106,107,108,109,110,112,113,114,115,116,117,118,119,120,121,
26,27,28,29,30,31,32,33,34,36,37,38,39,40,41,42,43,44,45,46,47,48,49,51,52,53,54,55,56,58,59,60,61,62,63,64,65,66,67,98,99,100,101,103,104,105,106,107,108,109,110,112,113,114,115,116,117,118,119,120,121, --> w --> 26,27,28,29,30,31,32,33,34,36,37,38,39,40,41,42,43,44,45,46,47,48,49,51,52,53,54,55,56,58,59,60,61,62,63,64,65,66,67,98,99,100,101,103,104,105,106,107,108,109,110,112,113,114,115,116,117,118,119,120,121,
26,27,28,29,30,31,32,33,34,36,37,38,39,40,41,42,43,44,45,46,47,48,49,51,52,53,54,55,56,58,59,60,61,62,63,64,65,66,67,98,99,100,101,103,104,105,106,107,108,109,110,112,113,114,115,116,117,118,119,120,121, --> x --> 26,27,28,29,30,31,32,33,34,36,37,38,39,40,41,42,43,44,45,46,47,48,49,51,52,53,54,55,56,58,59,60,61,62,63,64,65,66,67,98,99,100,101,103,104,105,106,107,108,109,110,112,113,114,115,116,117,118,119,120,121,
26,27,28,29,30,31,32,33,34,36,37,38,39,40,41,42,43,44,45,46,47,48,49,51,52,53,54,55,56,58,59,60,61,62,63,64,65,66,67,98,99,100,101,103,104,105,106,107,108,109,110,112,113,114,115,116,117,118,119,120,121, --> y --> 26,27,28,29,30,31,32,33,34,36,37,38,39,40,41,42,43,44,45,46,47,48,49,51,52,53,54,55,56,58,59,60,61,62,63,64,65,66,67,98,99,100,101,103,104,105,106,107,108,109,110,112,113,114,115,116,117,118,119,120,121,
26,27,28,29,30,31,32,33,34,36,37,38,39,40,41,42,43,44,45,46,47,48,49,51,52,53,54,55,56,58,59,60,61,62,63,64,65,66,67,98,99,100,101,103,104,105,106,107,108,109,110,112,113,114,115,116,117,118,119,120,121, --> z --> 26,27,28,29,30,31,32,33,34,36,37,38,39,40,41,42,43,44,45,46,47,48,49,51,52,53,54,55,56,58,59,60,61,62,63,64,65,66,67,98,99,100,101,103,104,105,106,107,108,109,110,112,113,114,115,116,117,118,119,120,121,
69,70,78,81,82,86,89,90,93,95,96, --> = --> 71,75,83,91,93,123,124,126,127,129,130,132,133,135,136,138,139,141,143,145,147,149,151,
73,74, --> = --> 71,75,83,91,93,123,124,126,127,129,130,132,133,135,136,138,139,141,143,145,147,149,151,
9,10,13, --> 0 --> 10,11,12,14,15,16,22,24,
9,10,13, --> 1 --> 10,11,12,14,15,16,22,24,
9,10,13, --> 2 --> 10,11,12,14,15,16,22,24,
9,10,13, --> 3 --> 10,11,12,14,15,16,22,24,
9,10,13, --> 4 --> 10,11,12,14,15,16,22,24,
9,10,13, --> 5 --> 10,11,12,14,15,16,22,24,
9,10,13, --> 6 --> 10,11,12,14,15,16,22,24,
9,10,13, --> 7 --> 10,11,12,14,15,16,22,24,
9,10,13, --> 8 --> 10,11,12,14,15,16,22,24,
9,10,13, --> 9 --> 10,11,12,14,15,16,22,24,
